    0.949045836925506592E+00    0.195847511291503906E+00    0.991652011871337891E+02    0.663202583789825423E-14   -0.180188678636397926E+05   -0.599146350544150419E+01    1
    0.871999561786651611E+00    0.335221648216247559E+00    0.989750683307647705E+02    0.478906929492950469E-14   -0.172497695445327518E+05   -0.599396350544151169E+01    1
    0.973570048809051514E+00   -0.557165145874023438E-01    0.975132048130035400E+02    0.147588253021240235E-14   -0.168035754278404347E+05   -0.599646350544151474E+01    1
    0.994565725326538086E+00    0.350934863090515137E+00    0.963881462812423706E+02    0.904492914676666207E-14   -0.160620291832312723E+05   -0.599896350544151957E+01    1
    0.833206415176391602E+00   -0.220448136329650879E+00    0.981215864419937134E+02    0.971996903419494558E-14   -0.160595062480548186E+05   -0.600146350544151552E+01    1
    0.837273061275482178E+00    0.580339074134826660E+00    0.975176215171813965E+02    0.772814214229583668E-14   -0.158281809961267791E+05   -0.600396350544151858E+01    1
    0.729126989841461182E+00    0.625025510787963867E+00    0.981927990913391113E+02    0.695821344852447521E-14   -0.157564723469560067E+05   -0.600646350544151630E+01    1
    0.713607311248779297E+00    0.313680291175842285E+00    0.983633399009704590E+02    0.982402622699737481E-14   -0.156325872258955606E+05   -0.600896350544152469E+01    1
    0.461602926254272461E+00    0.945764899253845215E+00    0.984890758991241455E+02    0.690301954746246322E-14   -0.153077132557338919E+05   -0.601146350544151886E+01    1
    0.147804439067840576E+00   -0.926548719406127930E+00    0.504676073789596558E+02    0.159046173095703116E-14   -0.152986454616669052E+05   -0.601396350544150859E+01    1
    0.312011599540710449E+00    0.558402776718139648E+00    0.993795067071914673E+02    0.567229032516479507E-14   -0.152458180132668094E+05   -0.601646350544151520E+01    1
    0.845318078994750977E+00   -0.131223201751708984E-01    0.966154664754867554E+02    0.269784271717071524E-14   -0.149592131670776616E+05   -0.601896350544151559E+01    1
    0.175996422767639160E-01   -0.765082120895385742E+00    0.515855729579925537E+02    0.333320438861846928E-14   -0.149558533561601380E+05   -0.602146350544152753E+01    1
    0.862693428993225098E+00    0.681830167770385742E+00    0.960640460252761841E+02    0.611850380897521962E-14   -0.148217573992661073E+05   -0.602396350544153325E+01    1
    0.917307019233703613E+00   -0.877455234527587891E+00    0.956781625747680664E+02    0.837684631347656316E-14   -0.146737547776166521E+05   -0.602646350544152298E+01    1
    0.117306709289550781E-01    0.556877017021179199E+00    0.984049141407012939E+02    0.868741810321807899E-14   -0.145108251901705771E+05   -0.602896350544150561E+01    1
    0.715975463390350342E+00    0.396341204643249512E+00    0.969486355781555176E+02    0.240273296833038315E-14   -0.145093738423894556E+05   -0.603146350544150955E+01    1
    0.568465888500213623E+00    0.945597767829895020E+00    0.965340256690979004E+02    0.161665916442871095E-14   -0.139246632599861732E+05   -0.603396350544152682E+01    1
    0.249002397060394287E+00   -0.330868840217590332E+00    0.993433475494384766E+02    0.845893025398254429E-15   -0.137435994298713867E+05   -0.603646350544153165E+01    1
    0.536918640136718750E-01    0.381123065948486328E+00    0.979925841093063354E+02    0.719629526138305606E-14   -0.136898949037881357E+05   -0.603896350544152227E+01    1
    0.761503636837005615E+00   -0.892821192741394043E+00    0.960488438606262207E+02    0.239905416965484638E-14   -0.135379346961476876E+05   -0.604146350544151556E+01    1
    0.543451368808746338E+00   -0.409137129783630371E+00    0.976358115673065186E+02    0.135040044784545889E-14   -0.135311425452226413E+05   -0.604396350544152039E+01    1
    0.944884479045867920E+00   -0.377440452575683594E-02    0.935840904712677002E+02    0.425352931022644059E-14   -0.133612892543271628E+05   -0.604646350544152966E+01    1
    0.702570974826812744E+00   -0.824630022048950195E+00    0.963713467121124268E+02    0.427833437919616676E-14   -0.133428676714617086E+05   -0.604896350544152206E+01    1
    0.352166116237640381E+00   -0.152892470359802246E+00    0.502048611640930176E+02    0.784016191959381121E-14   -0.132593487716481450E+05   -0.605146350544152156E+01    1
    0.341745615005493164E+00   -0.101800203323364258E+00    0.979262292385101318E+02    0.740128278732299867E-14   -0.131718684173659894E+05   -0.605396350544152995E+01    1
    0.724537551403045654E+00    0.921082615852355957E+00    0.948034107685089111E+02    0.932795166969299362E-14   -0.131096636311722323E+05   -0.605646350544151790E+01    1
    0.879307210445404053E+00    0.760042190551757812E+00    0.505298316478729248E+02    0.419652700424194345E-14   -0.130934387461404658E+05   -0.605896350544151829E+01    1
    0.378179967403411865E+00   -0.727234005928039551E+00    0.508274346590042114E+02    0.307222187519073484E-14   -0.128767804979265438E+05   -0.606146350544153112E+01    1
    0.997199833393096924E+00   -0.725577831268310547E+00    0.923343688249588013E+02    0.278849244117736823E-14   -0.128667310534237422E+05   -0.606396350544153950E+01    1
    0.883731782436370850E+00    0.952023625373840332E+00    0.506824284791946411E+02    0.936203837394714410E-14   -0.128665476146209403E+05   -0.606646350544153368E+01    1
    0.213398694992065430E+00   -0.259197354316711426E+00    0.982169121503829956E+02    0.303070127964019767E-14   -0.128535814137058951E+05   -0.606896350544153407E+01    1
    0.424816012382507324E+00   -0.888986110687255859E+00    0.980003595352172852E+02    0.280649721622467052E-14   -0.127641309058025436E+05   -0.607146350544153712E+01    1
    0.994827806949615479E+00   -0.601993918418884277E+00    0.919511914253234863E+02    0.832695364952087397E-15   -0.125558477035684355E+05   -0.607396350544151886E+01    1
    0.154993832111358643E+00    0.343151688575744629E+00    0.966197490692138672E+02    0.381127834320068339E-14   -0.124751837538591299E+05   -0.607646350544150149E+01    1
    0.499044477939605713E+00    0.133561849594116211E+00    0.959881782531738281E+02    0.968460261821746855E-14   -0.124511223523011704E+05   -0.607896350544150277E+01    1
    0.712514579296112061E+00    0.410417795181274414E+00    0.943360894918441772E+02    0.685092806816101025E-15   -0.123977575682330735E+05   -0.608146350544151737E+01    1
    0.968892395496368408E+00    0.532160043716430664E+00    0.514805436134338379E+02    0.336433708667755126E-14   -0.123019653267565736E+05   -0.608396350544153197E+01    1
    0.666947245597839355E+00    0.377247571945190430E+00    0.945369184017181396E+02    0.746970117092132530E-14   -0.122862357548173313E+05   -0.608646350544153236E+01    1
    0.295952856540679932E+00   -0.491125583648681641E-01    0.967556625604629517E+02    0.570438027381897007E-14   -0.121775274334948645E+05   -0.608896350544152032E+01    1
    0.320720613002777100E+00    0.505182981491088867E+00    0.504323750734329224E+02    0.858729481697082528E-14   -0.121432136327570643E+05   -0.609146350544151804E+01    1
    0.505418479442596436E+00   -0.354420542716979980E+00    0.509113520383834839E+02    0.921611189842224056E-15   -0.121361814318945890E+05   -0.609396350544151844E+01    1
    0.158204555511474609E+00   -0.789513587951660156E-01    0.970652103424072266E+02    0.892998695373535138E-14   -0.121251747768050282E+05   -0.609646350544151083E+01    1
    0.811083376407623291E+00   -0.195973634719848633E+00    0.934331655502319336E+02    0.424953162670135520E-14   -0.121181353134087221E+05   -0.609896350544150234E+01    1
    0.327055096626281738E+00    0.824373245239257812E+00    0.950336158275604248E+02    0.313816010951995849E-14   -0.121023429385040890E+05   -0.610146350544149918E+01    1
    0.711334049701690674E+00   -0.641135931015014648E+00    0.945708990097045898E+02    0.993589282035827627E-14   -0.120790172348519445E+05   -0.610396350544150579E+01    1
    0.407599210739135742E-01   -0.994825720787048340E+00    0.984116941690444946E+02    0.848666965961456293E-14   -0.119420387217347070E+05   -0.610646350544152394E+01    1
    0.527076125144958496E-01   -0.872328281402587891E+00    0.982316285371780396E+02    0.410168290138244589E-14   -0.118990847148399207E+05   -0.610896350544153233E+01    1
    0.526989102363586426E-01   -0.252618908882141113E+00    0.971261590719223022E+02    0.383669555187225350E-14   -0.118447683073983171E+05   -0.611146350544151318E+01    1
    0.652378141880035400E+00    0.198491692543029785E+00    0.939433634281158447E+02    0.697767376899719267E-14   -0.116408341984634571E+05   -0.611396350544150202E+01    1
    0.588946819305419922E+00   -0.124616622924804688E+00    0.946486175060272217E+02    0.792747735977172877E-15   -0.116317562895733263E+05   -0.611646350544151840E+01    1
    0.509007394313812256E+00   -0.470081686973571777E+00    0.954871177673339844E+02    0.830788969993591239E-14   -0.115990920756278883E+05   -0.611896350544151613E+01    1
    0.603636503219604492E-01    0.462630748748779297E+00    0.513067066669464111E+02    0.842265665531158516E-14   -0.115079524531126208E+05   -0.612146350544151030E+01    1
    0.301562249660491943E+00    0.882921218872070312E-01    0.956195801496505737E+02    0.789544939994812002E-14   -0.114840783167345417E+05   -0.612396350544150803E+01    1
    0.688024044036865234E+00    0.287507772445678711E+00    0.512341171503067017E+02    0.103530883789062498E-15   -0.114775856421122498E+05   -0.612646350544151108E+01    1
    0.213183641433715820E+00   -0.386680722236633301E+00    0.965380787849426270E+02    0.891646742820739719E-14   -0.113836872551742417E+05   -0.612896350544151858E+01    1
    0.627178490161895752E+00   -0.806007385253906250E+00    0.516634672880172729E+02    0.171219706535339354E-14   -0.113087839202956475E+05   -0.613146350544150476E+01    1
    0.948518514633178711E+00   -0.589620590209960938E+00    0.908084183931350708E+02    0.759351313114166241E-14   -0.112730653476340904E+05   -0.613396350544150160E+01    1
    0.453422367572784424E+00   -0.574683785438537598E+00    0.518569916486740112E+02    0.477337837219238280E-16   -0.110283615201453285E+05   -0.613646350544149932E+01    1
    0.523167252540588379E-01    0.679810643196105957E+00    0.513858497142791748E+02    0.161922514438629143E-14   -0.110077736398561556E+05   -0.613896350544150327E+01    1
    0.406463742256164551E-01    0.858593225479125977E+00    0.929702937602996826E+02    0.926531374454498344E-14   -0.108740245857237896E+05   -0.614146350544151343E+01    1
    0.845411062240600586E+00    0.593685507774353027E+00    0.911062031984329224E+02    0.136373996734619141E-14   -0.108465156844689591E+05   -0.614396350544152714E+01    1
    0.467944145202636719E+00    0.910867452621459961E+00    0.930059403181076050E+02    0.954502820968627942E-14   -0.108306666439199871E+05   -0.614646350544152309E+01    1
    0.670263171195983887E+00    0.841850399971008301E+00    0.922117263078689575E+02    0.362846374511718757E-14   -0.108132217360424202E+05   -0.614896350544151282E+01    1
    0.636627018451690674E+00    0.654534935951232910E+00    0.925683647394180298E+02    0.236320495605468762E-15   -0.108115808016788797E+05   -0.615146350544152742E+01    1
    0.174117028713226318E+00    0.819662213325500488E+00    0.933229178190231323E+02    0.949707388877868595E-14   -0.107929600271851141E+05   -0.615396350544151360E+01    1
    0.903273880481719971E+00   -0.348327517509460449E+00    0.906557142734527588E+02    0.652377724647521977E-14   -0.107831441208391316E+05   -0.615646350544150067E+01    1
    0.828024446964263916E+00    0.360492229461669922E+00    0.521409988403320312E+02    0.169680655002594000E-14   -0.107412057635813035E+05   -0.615896350544150195E+01    1
    0.546127080917358398E+00   -0.687658786773681641E-01    0.936895191669464111E+02    0.723828017711639441E-14   -0.107244460812730758E+05   -0.616146350544151922E+01    1
    0.973298072814941406E+00   -0.367149353027343750E+00    0.896647721529006958E+02    0.502976894378662136E-14   -0.107025233661338243E+05   -0.616396350544152849E+01    1
    0.281048834323883057E+00    0.788715243339538574E+00    0.512093544006347656E+02    0.531015574932098350E-14   -0.107011939380308249E+05   -0.616646350544150668E+01    1
    0.643056929111480713E+00    0.953414916992187500E+00    0.920678347349166870E+02    0.110338628292083742E-14   -0.106703725840910702E+05   -0.616896350544149996E+01    1
    0.133384227752685547E+00    0.510007143020629883E+00    0.936348527669906616E+02    0.940494298934936448E-14   -0.104846747251665929E+05   -0.617146350544152167E+01    1
    0.548073112964630127E+00    0.904757380485534668E+00    0.922250837087631226E+02    0.675554037094116239E-14   -0.104315498401774421E+05   -0.617396350544153449E+01    1
    0.688071072101593018E+00    0.748347520828247070E+00    0.916327506303787231E+02    0.965481936931610047E-14   -0.104086333982409215E+05   -0.617646350544151179E+01    1
    0.688755333423614502E+00    0.378160834312438965E+00    0.918374985456466675E+02    0.105756163597106931E-14   -0.103606495912638657E+05   -0.617896350544150152E+01    1
    0.946997523307800293E+00   -0.188377857208251953E+00    0.894819110631942749E+02    0.406632304191589349E-14   -0.103500967276012925E+05   -0.618146350544150103E+01    1
    0.692225396633148193E+00   -0.888599395751953125E+00    0.524441212415695190E+02    0.348084211349487310E-14   -0.103463020905723297E+05   -0.618396350544151829E+01    1
    0.614030897617340088E+00    0.561697125434875488E+00    0.518668860197067261E+02    0.930482685565948451E-14   -0.103053477586720492E+05   -0.618646350544152934E+01    1
    0.107592761516571045E+00    0.559124469757080078E+00    0.928841263055801392E+02    0.913120210170745883E-14   -0.100410493102070031E+05   -0.618896350544151730E+01    1
    0.292868673801422119E+00    0.286080479621887207E+00    0.933580666780471802E+02    0.802692055702209483E-14   -0.100165846138263496E+05   -0.619146350544153012E+01    1
    0.999793350696563721E+00    0.840592741966247559E+00    0.536652326583862305E+02    0.805275678634643500E-14   -0.985457604803812137E+04   -0.619396350544153673E+01    1
    0.339058160781860352E+00    0.422203779220581055E+00    0.927887469530105591E+02    0.809541702270507805E-14   -0.984586133010849699E+04   -0.619646350544151137E+01    1
    0.922694265842437744E+00   -0.158037781715393066E+00    0.890116721391677856E+02    0.233535230159759514E-14   -0.982324350472084188E+04   -0.619896350544150465E+01    1
    0.755214810371398926E+00    0.964923143386840820E+00    0.901847839355468750E+02    0.473580121994018535E-14   -0.979663572422474863E+04   -0.620146350544151748E+01    1
    0.637581825256347656E+00   -0.750539898872375488E+00    0.528046905994415283E+02    0.357341647148132324E-14   -0.978785258842382973E+04   -0.620396350544150987E+01    1
    0.259509980678558350E+00    0.302203059196472168E+00    0.523793756961822510E+02    0.935277700424194277E-14   -0.976475142465046883E+04   -0.620646350544149783E+01    1
    0.594992578029632568E+00    0.400000572204589844E+00    0.523503214120864868E+02    0.766604423522949251E-14   -0.973116882018960314E+04   -0.620896350544150710E+01    1
    0.801224648952484131E+00    0.755856037139892578E-01    0.901454031467437744E+02    0.202755570411682145E-14   -0.972271831698355709E+04   -0.621146350544150838E+01    1
    0.181288599967956543E+00   -0.198241949081420898E+00    0.940241158008575439E+02    0.650148332118988020E-14   -0.971648605627640063E+04   -0.621396350544150700E+01    1
    0.712282478809356689E+00   -0.927864551544189453E+00    0.914627104997634888E+02    0.168523550033569342E-14   -0.968173269435259317E+04   -0.621646350544150472E+01    1
    0.862499535083770752E+00   -0.631364583969116211E+00    0.895852029323577881E+02    0.467623770236969009E-14   -0.964656451164125792E+04   -0.621896350544153709E+01    1
    0.548492372035980225E+00   -0.659856081008911133E+00    0.927110910415649414E+02    0.219666123390197766E-14   -0.962315578855993408E+04   -0.622146350544152416E+01    1
    0.621246576309204102E+00    0.653956890106201172E+00    0.909138947725296021E+02    0.561294019222259511E-14   -0.953456839460401898E+04   -0.622396350544153076E+01    1
    0.200416684150695801E+00   -0.283279299736022949E+00    0.534095555543899536E+02    0.225207924842834477E-14   -0.946571405093139583E+04   -0.622646350544153204E+01    1
    0.911218523979187012E+00    0.228524565696716309E+00    0.535643279552459717E+02    0.854420542716979987E-14   -0.946567140446347912E+04   -0.622896350544151112E+01    1
    0.667580962181091309E-01    0.826123356819152832E+00    0.912354081869125366E+02    0.523113787174224864E-14   -0.944970605473983414E+04   -0.623146350544149907E+01    1
    0.900834441184997559E+00   -0.512065410614013672E+00    0.536624550819396973E+02    0.354094684123992906E-14   -0.937842118692538861E+04   -0.623396350544151101E+01    1
    0.451953887939453125E+00   -0.804598689079284668E+00    0.932150423526763916E+02    0.416368484497070305E-14   -0.937714539539657017E+04   -0.623646350544152739E+01    1
    0.784350037574768066E+00    0.868735432624816895E+00    0.893796324729919434E+02    0.861599445343017606E-14   -0.934513118828681036E+04   -0.623896350544154199E+01    1
    0.880096673965454102E+00    0.551541090011596680E+00    0.885567903518676758E+02    0.989535331726074159E-14   -0.928915136152088780E+04   -0.624146350544154416E+01    1
    0.646826803684234619E+00    0.163837790489196777E+00    0.907802581787109375E+02    0.460202932357788069E-14   -0.926589041083244592E+04   -0.624396350544154188E+01    1
    0.749399900436401367E+00    0.201519608497619629E+00    0.532221227884292603E+02    0.539851069450378451E-14   -0.916663171473252442E+04   -0.624646350544154139E+01    1
    0.900509297847747803E+00   -0.370981097221374512E+00    0.882640898227691650E+02    0.171313464641571053E-14   -0.911319431408316450E+04   -0.624896350544154089E+01    1
    0.179152429103851318E+00    0.154100656509399414E-01    0.534709274768829346E+02    0.235529065132141098E-14   -0.902186907211334619E+04   -0.625146350544151908E+01    1
    0.149104356765747070E+00    0.101683616638183594E+00    0.534786820411682129E+02    0.265018641948699945E-14   -0.898969722377989820E+04   -0.625396350544150437E+01    1
    0.304107666015625000E-01    0.280328392982482910E+00    0.919720411300659180E+02    0.428672552108764686E-14   -0.897426782537582949E+04   -0.625646350544151275E+01    1
    0.165721237659454346E+00   -0.406783342361450195E+00    0.541660547256469727E+02    0.841891884803772048E-14   -0.892421418562154940E+04   -0.625896350544152913E+01    1
    0.822876989841461182E+00   -0.868590831756591797E+00    0.538846582174301147E+02    0.955985307693481505E-14   -0.889642536707635736E+04   -0.626146350544153396E+01    1
    0.525974392890930176E+00   -0.733932256698608398E-01    0.912299245595932007E+02    0.751491308212280252E-14   -0.884815883300881978E+04   -0.626396350544151304E+01    1
    0.684325098991394043E+00    0.182821989059448242E+00    0.898515731096267700E+02    0.985335707664489743E-14   -0.883292636074417351E+04   -0.626646350544151076E+01    1
    0.744979739189147949E+00    0.237890362739562988E+00    0.892736136913299561E+02    0.754606246948242258E-14   -0.881300514659710643E+04   -0.626896350544153069E+01    1
    0.425070226192474365E+00    0.383141636848449707E+00    0.911317765712738037E+02    0.548702657222747830E-14   -0.880037765755120199E+04   -0.627146350544152575E+01    1
    0.924836099147796631E+00    0.941920280456542969E-01    0.542969793081283569E+02    0.926652014255523695E-14   -0.876250819828799831E+04   -0.627396350544150305E+01    1
    0.817816972732543945E+00   -0.382052898406982422E+00    0.886240363121032715E+02    0.882722139358520443E-14   -0.869216679506135188E+04   -0.627646350544151854E+01    1
    0.158012449741363525E+00    0.868010282516479492E+00    0.902393519878387451E+02    0.188732445240020757E-14   -0.864780393209580325E+04   -0.627896350544151893E+01    1
    0.973930358886718750E-01    0.375686883926391602E-01    0.541782259941101074E+02    0.293954432010650652E-14   -0.849691151997342058E+04   -0.628146350544150600E+01    1
    0.847853839397430420E+00    0.395988225936889648E-01    0.542951613664627075E+02    0.393152952194213876E-14   -0.840035782716452195E+04   -0.628396350544150373E+01    1
    0.285661160945892334E+00    0.625303268432617188E+00    0.903586030006408691E+02    0.266344547271728498E-14   -0.830685412745529902E+04   -0.628646350544151566E+01    1
    0.422135591506958008E-01    0.718622922897338867E+00    0.897612214088439941E+02    0.446229577064514201E-15   -0.825385302118159962E+04   -0.628896350544151872E+01    1
    0.670119822025299072E+00    0.318837761878967285E+00    0.889885008335113525E+02    0.668857514858245837E-14   -0.823767735630561947E+04   -0.629146350544151289E+01    1
    0.860084891319274902E+00    0.218231320381164551E+00    0.872370004653930664E+02    0.602950930595397951E-14   -0.822408042985164320E+04   -0.629396350544151328E+01    1
    0.213245630264282227E+00   -0.669961690902709961E+00    0.548765689134597778E+02    0.145014286041259773E-14   -0.822148692369311175E+04   -0.629646350544151456E+01    1
    0.121883392333984375E+00   -0.410373210906982422E-01    0.916192561388015747E+02    0.530251562595367448E-14   -0.820749314304904692E+04   -0.629896350544151140E+01    1
    0.915659844875335693E+00    0.103246212005615234E+00    0.548253953456878662E+02    0.966344714164733819E-14   -0.818058496532826211E+04   -0.630146350544151979E+01    1
    0.844590008258819580E+00    0.757077336311340332E+00    0.870259702205657959E+02    0.956243395805358939E-14   -0.809863061795042631E+04   -0.630396350544154327E+01    1
    0.660022616386413574E+00   -0.620968341827392578E+00    0.542334437370300293E+02    0.468062818050384549E-14   -0.808797970660252940E+04   -0.630646350544153300E+01    1
    0.662773489952087402E+00   -0.558067202568054199E+00    0.542302101850509644E+02    0.963018715381622361E-14   -0.807223179700123546E+04   -0.630896350544153339E+01    1
    0.128731191158294678E+00   -0.644151091575622559E+00    0.555263876914978027E+02    0.269208014011383039E-14   -0.804183306592120516E+04   -0.631146350544152401E+01    1
    0.751619935035705566E-01    0.918091058731079102E+00    0.887650877237319946E+02    0.525636732578277597E-14   -0.789923048169120921E+04   -0.631396350544150398E+01    1
    0.613624453544616699E-01    0.538906574249267578E+00    0.541183561086654663E+02    0.199134290218353267E-14   -0.783238780676582519E+04   -0.631646350544151769E+01    1
    0.848704457283020020E+00   -0.701910376548767090E+00    0.869959682226181030E+02    0.611916780471801772E-14   -0.782573639318715050E+04   -0.631896350544152607E+01    1
    0.108203411102294922E+00    0.202528238296508789E-01    0.547957658767700195E+02    0.347668111324310315E-14   -0.778448406493029961E+04   -0.632146350544152202E+01    1
    0.226333439350128174E+00   -0.598741412162780762E+00    0.917229980230331421E+02    0.136963129043579092E-14   -0.776964370337365017E+04   -0.632396350544152774E+01    1
    0.645371556282043457E+00    0.221991539001464844E+00    0.885412454605102539E+02    0.447614550590515162E-14   -0.776793741528779356E+04   -0.632646350544152636E+01    1
    0.843800008296966553E+00    0.578681945800781250E+00    0.865417122840881348E+02    0.717644095420837349E-14   -0.774845139140733590E+04   -0.632896350544151876E+01    1
    0.968903720378875732E+00    0.782327055931091309E+00    0.850748330354690552E+02    0.739989340305328358E-14   -0.774390992260520215E+04   -0.633146350544152003E+01    1
    0.794631540775299072E+00   -0.669736623764038086E+00    0.874458104372024536E+02    0.540588319301605231E-14   -0.769160044965142606E+04   -0.633396350544152309E+01    1
    0.130441188812255859E-01   -0.884321093559265137E+00    0.579142063856124878E+02    0.307616233825683576E-14   -0.767872011144058615E+04   -0.633646350544152615E+01    1
    0.839161872863769531E-02   -0.193089842796325684E+00    0.909478038549423218E+02    0.926348567008972205E-14   -0.766880944473055024E+04   -0.633896350544152920E+01    1
    0.448614001274108887E+00    0.426864027976989746E+00    0.892577141523361206E+02    0.624385952949523921E-14   -0.761987512285315552E+04   -0.634146350544152781E+01    1
    0.515283346176147461E-01    0.875445961952209473E+00    0.883670061826705933E+02    0.728886425495147707E-14   -0.761169357936432243E+04   -0.634396350544151222E+01    1
    0.220306396484375000E+00   -0.139551639556884766E+00    0.548069506883621216E+02    0.678984344005584748E-14   -0.755411537140496057E+04   -0.634646350544149573E+01    1
    0.376589357852935791E+00    0.517963171005249023E+00    0.892004013061523438E+02    0.898216724395751901E-14   -0.750638307634538978E+04   -0.634896350544151034E+01    1
    0.176172196865081787E+00   -0.597134590148925781E+00    0.913734823465347290E+02    0.830394268035888606E-14   -0.747313187924077647E+04   -0.635146350544150984E+01    1
    0.135313570499420166E+00   -0.232289195060729980E+00    0.554200589656829834E+02    0.557015299797058142E-14   -0.740658338441161686E+04   -0.635396350544149158E+01    1
    0.501282036304473877E+00   -0.806051015853881836E+00    0.898957133293151855E+02    0.225938618183136003E-14   -0.736462292551254905E+04   -0.635646350544149996E+01    1
    0.632039010524749756E+00   -0.652576446533203125E+00    0.549083560705184937E+02    0.154352605342864999E-14   -0.734916195495951797E+04   -0.635896350544152256E+01    1
    0.624538719654083252E+00   -0.424075961112976074E+00    0.884252190589904785E+02    0.806195259094238222E-14   -0.727253676507488308E+04   -0.636146350544152384E+01    1
    0.399801552295684814E+00   -0.748627185821533203E+00    0.903343141078948975E+02    0.573494672775268559E-14   -0.723749771532483101E+04   -0.636396350544150557E+01    1
    0.833677709102630615E+00    0.547417044639587402E+00    0.857927560806274414E+02    0.891987085342407223E-14   -0.721765522195099766E+04   -0.636646350544150952E+01    1
    0.570428371429443359E-02   -0.855411767959594727E+00    0.585155695676803589E+02    0.730339765548706081E-14   -0.721315134099440729E+04   -0.636896350544151346E+01    1
    0.660855114459991455E+00   -0.581666827201843262E+00    0.880784928798675537E+02    0.480467379093170167E-14   -0.720050886955480473E+04   -0.637146350544153250E+01    1
    0.821747303009033203E+00   -0.710819959640502930E-01    0.554173946380615234E+02    0.603860676288604714E-14   -0.719508503229274174E+04   -0.637396350544155155E+01    1
    0.365300297737121582E+00    0.434358716011047363E+00    0.543478190898895264E+02    0.677298188209533715E-14   -0.718861689722357733E+04   -0.637646350544152529E+01    1
    0.445441901683807373E+00   -0.611872315406799316E+00    0.898195534944534302E+02    0.260688960552215583E-14   -0.718274914711246856E+04   -0.637896350544150614E+01    1
    0.934310674667358398E+00    0.925971269607543945E+00    0.844792753458023071E+02    0.193134009838104238E-14   -0.716131360959967787E+04   -0.638146350544151897E+01    1
    0.549458265304565430E-01   -0.573070049285888672E-01    0.557970225811004639E+02    0.309361040592193594E-14   -0.715405184771435233E+04   -0.638396350544152380E+01    1
    0.516411066055297852E-01   -0.809949636459350586E+00    0.909449011087417603E+02    0.581629276275634803E-15   -0.710124777238131901E+04   -0.638646350544151620E+01    1
    0.236607074737548828E+00    0.447575330734252930E+00    0.889409422874450684E+02    0.719245553016662650E-14   -0.709778301666814423E+04   -0.638896350544153080E+01    1
    0.828802466392517090E+00   -0.380388975143432617E+00    0.556146681308746338E+02    0.675573945045471175E-14   -0.708745184259874441E+04   -0.639146350544153830E+01    1
    0.433765828609466553E+00    0.181500911712646484E-01    0.547430068254470825E+02    0.668997704982757594E-14   -0.707969925618737489E+04   -0.639396350544151737E+01    1
    0.534040451049804688E+00   -0.562054872512817383E+00    0.889502912759780884E+02    0.109346449375152586E-14   -0.705886670395691544E+04   -0.639646350544152220E+01    1
    0.891585826873779297E+00   -0.736923217773437500E-01    0.559599488973617554E+02    0.289014637470245360E-14   -0.701610617602433922E+04   -0.639896350544151460E+01    1
    0.684281826019287109E+00   -0.688974738121032715E+00    0.553449898958206177E+02    0.641224563121795629E-14   -0.699914514507546846E+04   -0.640146350544150433E+01    1
    0.128148317337036133E+00    0.223396658897399902E+00    0.551858365535736084E+02    0.998642444610595721E-15   -0.696679266003715929E+04   -0.640396350544151272E+01    1
    0.956657230854034424E+00    0.464820742607116699E+00    0.564013093709945679E+02    0.212380588054656982E-14   -0.696394040619903171E+04   -0.640646350544151311E+01    1
    0.363055169582366943E+00    0.273093938827514648E+00    0.887701421976089478E+02    0.744876444339752212E-14   -0.695462674621247515E+04   -0.640896350544153304E+01    1
    0.457508265972137451E+00   -0.552577733993530273E+00    0.892637670040130615E+02    0.635402619838714580E-14   -0.691656508516662325E+04   -0.641146350544155297E+01    1
    0.913905739784240723E+00    0.666410326957702637E+00    0.842656016349792480E+02    0.378325581550598153E-14   -0.687306812471641115E+04   -0.641396350544154892E+01    1
    0.530875802040100098E+00    0.638427257537841797E+00    0.546433240175247192E+02    0.988369584083557095E-14   -0.687030545392954173E+04   -0.641646350544152533E+01    1
    0.863030791282653809E+00   -0.483954071998596191E+00    0.851114302873611450E+02    0.501581788063049305E-14   -0.683806874094989780E+04   -0.641896350544152039E+01    1
    0.772787511348724365E+00   -0.687998056411743164E+00    0.557376056909561157E+02    0.766211748123168991E-16   -0.683542822775941204E+04   -0.642146350544151190E+01    1
    0.689274668693542480E-01   -0.930159568786621094E+00    0.906869888305664062E+02    0.503343343734741221E-14   -0.683110189619380435E+04   -0.642396350544151495E+01    1
    0.675271987915039062E+00    0.227372765541076660E+00    0.868001937866210938E+02    0.310062110424041735E-14   -0.681613470712922117E+04   -0.642646350544152956E+01    1
    0.892810881137847900E+00    0.174524784088134766E+00    0.561759293079376221E+02    0.540025949478149421E-14   -0.681226605377101077E+04   -0.642896350544153616E+01    1
    0.585189759731292725E+00   -0.304825901985168457E+00    0.552464127540588379E+02    0.135192990303039544E-14   -0.681025733022380700E+04   -0.643146350544153833E+01    1
    0.524520397186279297E+00   -0.147255420684814453E+00    0.551204234361648560E+02    0.816196680068969730E-14   -0.680850746283773515E+04   -0.643396350544153695E+01    1
    0.133371412754058838E+00    0.941885113716125488E+00    0.872170597314834595E+02    0.445765137672424317E-14   -0.679494213815055446E+04   -0.643646350544153023E+01    1
    0.814376175403594971E+00   -0.193171143531799316E+00    0.558494627475738525E+02    0.283349394798278790E-14   -0.678726509007311961E+04   -0.643896350544152440E+01    1
    0.898652970790863037E+00    0.840003490447998047E-01    0.843906939029693604E+02    0.482426643371582008E-14   -0.676902680725470145E+04   -0.644146350544153545E+01    1
    0.545692682266235352E+00    0.169900536537170410E+00    0.550397723913192749E+02    0.794736027717590377E-14   -0.674102091152935463E+04   -0.644396350544153229E+01    1
    0.628361284732818604E+00    0.547329068183898926E+00    0.867616325616836548E+02    0.581403076648712132E-14   -0.672427298601626353E+04   -0.644646350544153979E+01    1
    0.163600802421569824E+00    0.930354237556457520E+00    0.545152217149734497E+02    0.121606290340423591E-14   -0.669426725335696756E+04   -0.644896350544154906E+01    1
    0.388118863105773926E+00    0.326816797256469727E+00    0.881594657897949219E+02    0.635838866233825690E-14   -0.666741525525024645E+04   -0.645146350544151925E+01    1
    0.266773104667663574E+00   -0.907187461853027344E-01    0.554754018783569336E+02    0.593374073505401639E-14   -0.665469916895491588E+04   -0.645396350544149033E+01    1
    0.453449487686157227E-01    0.131828427314758301E+00    0.887741982936859131E+02    0.670051634311676038E-14   -0.664224290019388991E+04   -0.645646350544149072E+01    1
    0.729431033134460449E+00    0.300390720367431641E-01    0.556977391242980957E+02    0.975963056087493932E-14   -0.657562152187808533E+04   -0.645896350544150355E+01    1
    0.868278384208679199E+00    0.148355007171630859E+00    0.563121974468231201E+02    0.608898103237152138E-14   -0.657488552681421697E+04   -0.646146350544151460E+01    1
    0.572737455368041992E-01   -0.548068523406982422E+00    0.897664576768875122E+02    0.456144213676452627E-14   -0.655791432049493415E+04   -0.646396350544151854E+01    1
    0.840551257133483887E+00   -0.251305103302001953E-01    0.847839623689651489E+02    0.726421117782592729E-14   -0.655561486812103885E+04   -0.646646350544152693E+01    1
    0.466100454330444336E+00    0.426812171936035156E-01    0.552566796541213989E+02    0.302011013031005868E-14   -0.653711975195033756E+04   -0.646896350544151133E+01    1
    0.151667714118957520E+00    0.297600626945495605E+00    0.554704308509826660E+02    0.254276216030120833E-14   -0.650284934187191629E+04   -0.647146350544151172E+01    1
    0.320911407470703125E-03   -0.693984270095825195E+00    0.893232434988021851E+02    0.995999455451965266E-14   -0.648234229573838002E+04   -0.647396350544154586E+01    1
    0.593920409679412842E+00    0.152833819389343262E+00    0.553909331560134888E+02    0.567781329154968240E-15   -0.648039365129998532E+04   -0.647646350544154359E+01    1
    0.844982206821441650E+00    0.706879496574401855E+00    0.842909544706344604E+02    0.749230027198791433E-14   -0.644269641810167468E+04   -0.647896350544153865E+01    1
    0.702795267105102539E+00   -0.556271076202392578E+00    0.863842427730560303E+02    0.912418186664581347E-14   -0.643443770277673684E+04   -0.648146350544153194E+01    1
    0.535650670528411865E+00   -0.324755191802978516E+00    0.556468158960342407E+02    0.587622404098510733E-14   -0.638838728699924923E+04   -0.648396350544150657E+01    1
    0.262086510658264160E+00    0.529275298118591309E+00    0.551064878702163696E+02    0.907238900661468553E-14   -0.638799322620848488E+04   -0.648646350544150696E+01    1
    0.484025299549102783E+00    0.240334868431091309E+00    0.553727716207504272E+02    0.519280791282653797E-14   -0.631037877594377369E+04   -0.648896350544150824E+01    1
    0.614903151988983154E+00   -0.813844203948974609E+00    0.560359358787536621E+02    0.252435684204101552E-14   -0.628737676628017562E+04   -0.649146350544149886E+01    1
    0.281500697135925293E+00    0.964050054550170898E+00    0.865270614624023438E+02    0.787566661834716863E-14   -0.623278511030986920E+04   -0.649396350544152856E+01    1
    0.947495579719543457E+00    0.903386831283569336E+00    0.825336694717407227E+02    0.952624738216400186E-14   -0.618099211490745074E+04   -0.649646350544153872E+01    1
    0.652198314666748047E+00   -0.564646363258361816E+00    0.864609718322753906E+02    0.984427869319915769E-14   -0.616724619625856394E+04   -0.649896350544152046E+01    1
    0.804799914360046387E+00    0.547831654548645020E+00    0.842806994915008545E+02    0.804824471473693771E-14   -0.615748700669468781E+04   -0.650146350544152618E+01    1
    0.121744871139526367E-01    0.946845054626464844E+00    0.855890005826950073E+02    0.496883034706115693E-14   -0.612894389074003175E+04   -0.650396350544153723E+01    1
    0.763036727905273438E+00   -0.764436364173889160E+00    0.852216243743896484E+02    0.489728271961212190E-14   -0.610593937944293975E+04   -0.650646350544155183E+01    1
    0.649094581604003906E-04   -0.442181944847106934E+00    0.585986107587814331E+02    0.310642421245574937E-14   -0.595286242241979835E+04   -0.650896350544155666E+01    1
    0.904956281185150146E+00    0.728927254676818848E+00    0.825065553188323975E+02    0.774882018566131662E-14   -0.586153555228532878E+04   -0.651146350544154462E+01    1
    0.797053754329681396E+00    0.864461541175842285E+00    0.836611777544021606E+02    0.103016257286071778E-14   -0.584983374995546183E+04   -0.651396350544152725E+01    1
    0.743895888328552246E+00   -0.280614495277404785E+00    0.566961020231246948E+02    0.929349482059478790E-14   -0.581647061376234524E+04   -0.651646350544151254E+01    1
    0.113011240959167480E+00   -0.514295816421508789E+00    0.576961338520050049E+02    0.296327888965606701E-14   -0.581542075806836965E+04   -0.651896350544152003E+01    1
    0.647406756877899170E+00   -0.446077942848205566E+00    0.857928782701492310E+02    0.592989444732665984E-14   -0.579440155596293425E+04   -0.652146350544151776E+01    1
    0.485908508300781250E+00    0.412357926368713379E+00    0.861943423748016357E+02    0.187148451805114730E-14   -0.577990397548985129E+04   -0.652396350544151549E+01    1
    0.360203385353088379E-01    0.117055773735046387E+00    0.873344361782073975E+02    0.165218114852905268E-15   -0.577892115861907860E+04   -0.652646350544154163E+01    1
    0.508579134941101074E+00   -0.916083455085754395E+00    0.566337853670120239E+02    0.831101536750793471E-14   -0.576621925768449273E+04   -0.652896350544154469E+01    1
    0.371939182281494141E+00   -0.235096216201782227E+00    0.874507725238800049E+02    0.538212060928344753E-14   -0.573131868791816851E+04   -0.653146350544152288E+01    1
    0.197290837764739990E+00    0.223133683204650879E+00    0.562523394823074341E+02    0.971123158931732248E-14   -0.572769907371254794E+04   -0.653396350544150284E+01    1
    0.961192369461059570E+00    0.310734629631042480E+00    0.814331263303756714E+02    0.428188323974609356E-14   -0.569397154044658782E+04   -0.653646350544152011E+01    1
    0.745882391929626465E+00   -0.877985835075378418E+00    0.846977710723876953E+02    0.973877847194671656E-14   -0.566581886445946566E+04   -0.653896350544151694E+01    1
    0.943100512027740479E+00   -0.927940249443054199E+00    0.580778509378433228E+02    0.129924058914184563E-14   -0.565705318999540395E+04   -0.654146350544151645E+01    1
    0.663918614387512207E+00   -0.556802749633789062E-02    0.850760728120803833E+02    0.994726955890655566E-14   -0.564149845327425282E+04   -0.654396350544152305E+01    1
    0.737377405166625977E-01   -0.721608042716979980E+00    0.883686482906341553E+02    0.433978259563446033E-14   -0.562386426945252424E+04   -0.654646350544150213E+01    1
    0.453596711158752441E+00    0.405952334403991699E+00    0.859944790601730347E+02    0.398636937141418487E-14   -0.556633640806383755E+04   -0.654896350544151318E+01    1
    0.543731451034545898E+00    0.227062821388244629E+00    0.856686919927597046E+02    0.949401259422302343E-15   -0.554809795314397888E+04   -0.655146350544153577E+01    1
    0.743192315101623535E+00   -0.462931156158447266E+00    0.843216270208358765E+02    0.228025257587432871E-14   -0.554249632959697283E+04   -0.655396350544152639E+01    1
    0.922644972801208496E+00   -0.787724614143371582E+00    0.818587601184844971E+02    0.606827318668365450E-14   -0.553780155335444670E+04   -0.655646350544151346E+01    1
    0.521568059921264648E+00    0.432580113410949707E+00    0.855666100978851318E+02    0.822090268135070839E-14   -0.553536086390936362E+04   -0.655896350544154050E+01    1
    0.436926126480102539E+00   -0.276393532752990723E+00    0.866703987121582031E+02    0.255858540534973129E-14   -0.544108643286096594E+04   -0.656146350544153023E+01    1
    0.930640518665313721E+00   -0.335217595100402832E+00    0.814486682415008545E+02    0.983728289604187054E-14   -0.542971922048126180E+04   -0.656396350544149687E+01    1
    0.103045761585235596E+00    0.239207148551940918E+00    0.569023549556732178E+02    0.157744050025939932E-14   -0.540135145506599929E+04   -0.656646350544152924E+01    1
    0.954952120780944824E+00   -0.639575719833374023E+00    0.809879332780838013E+02    0.577601373195648221E-14   -0.539380159978026404E+04   -0.656896350544153496E+01    1
    0.481694817543029785E+00   -0.330895781517028809E+00    0.863082587718963623E+02    0.818918585777282716E-14   -0.536010482357617639E+04   -0.657146350544153623E+01    1
    0.962226808071136475E+00   -0.791398167610168457E+00    0.807587236166000366E+02    0.245520770549774158E-14   -0.534306465285196100E+04   -0.657396350544153485E+01    1
    0.698975920677185059E+00   -0.361744284629821777E+00    0.844027489423751831E+02    0.546082139015197721E-14   -0.534087016174816290E+04   -0.657646350544153258E+01    1
    0.894592225551605225E+00    0.491931438446044922E-01    0.817089051008224487E+02    0.183670222759246834E-14   -0.531244084312114228E+04   -0.657896350544154984E+01    1
    0.483610808849334717E+00    0.332390308380126953E+00    0.564821690320968628E+02    0.732596576213836622E-14   -0.524062335957606138E+04   -0.658146350544153069E+01    1
    0.878735601902008057E+00   -0.691799283027648926E+00    0.582373172044754028E+02    0.230624377727508539E-14   -0.521904072656384960E+04   -0.658396350544152664E+01    1
    0.922846317291259766E+00    0.970723390579223633E+00    0.808351159095764160E+02    0.310544729232788090E-14   -0.517442496409252817E+04   -0.658646350544151371E+01    1
    0.478128015995025635E+00   -0.948340058326721191E+00    0.865426898002624512E+02    0.974207460880279483E-14   -0.515066623662241727E+04   -0.658896350544149989E+01    1
    0.879854977130889893E+00    0.858024597167968750E+00    0.813687592744827271E+02    0.559974312782287582E-15   -0.514218605742159707E+04   -0.659146350544150383E+01    1
    0.235814452171325684E-01    0.323035001754760742E+00    0.857180207967758179E+02    0.597770750522613518E-14   -0.513690629486106445E+04   -0.659396350544150245E+01    1
    0.998880028724670410E+00   -0.213071703910827637E+00    0.795798778533935547E+02    0.801607906818389947E-14   -0.513137711014072556E+04   -0.659646350544153037E+01    1
    0.259347259998321533E+00    0.598893165588378906E+00    0.564003646373748779E+02    0.124444365501403797E-15   -0.512115654132078180E+04   -0.659896350544154586E+01    1
    0.851773679256439209E+00   -0.820477366447448730E+00    0.821538567543029785E+02    0.566173851490020737E-14   -0.511487308212000971E+04   -0.660146350544153382E+01    1
    0.263195395469665527E+00   -0.433822035789489746E+00    0.869877815246582031E+02    0.164965808391571051E-14   -0.508216917884690247E+04   -0.660396350544152799E+01    1
    0.881440162658691406E+00   -0.662819266319274902E+00    0.815824061632156372E+02    0.739231586456298776E-14   -0.508128774626464474E+04   -0.660646350544152128E+01    1
    0.356516242027282715E+00   -0.775133490562438965E+00    0.870272099971771240E+02    0.143912136554718011E-14   -0.507754596917930303E+04   -0.660896350544152167E+01    1
    0.695246279239654541E+00    0.397495150566101074E+00    0.834889501333236694E+02    0.996854245662689192E-14   -0.507619487671729894E+04   -0.661146350544150341E+01    1
    0.286531150341033936E+00    0.437222719192504883E-01    0.862071782350540161E+02    0.212156772613525386E-15   -0.505835487230987383E+04   -0.661396350544151090E+01    1
    0.484412908554077148E-01    0.692832469940185547E+00    0.846909493207931519E+02    0.564962625503540008E-15   -0.504746249116972922E+04   -0.661646350544152284E+01    1
    0.649231672286987305E-01    0.378445982933044434E+00    0.572716265916824341E+02    0.896489620208740256E-15   -0.502485662082260387E+04   -0.661896350544151524E+01    1
    0.464602196261308220E+00    0.529537525002065967E+00    0.846875908135177156E+02    0.721742758774752666E-14   -0.493449156895564010E+04   -0.662146350544153428E+01    1
    0.334834992885589600E+00   -0.568444609642028809E+00    0.866196572780609131E+02    0.241899430751800526E-14   -0.492455603312022413E+04   -0.662396350544155332E+01    1
    0.165431380271911621E+00   -0.734655141830444336E+00    0.587324619293212891E+02    0.238054394721984848E-15   -0.491510536286445949E+04   -0.662646350544154661E+01    1
    0.786771774291992188E-01   -0.258197188377380371E+00    0.865006804466247559E+02    0.956424832344055162E-14   -0.490867917454133567E+04   -0.662896350544150970E+01    1
    0.895580768585205078E+00   -0.312951087951660156E+00    0.588121831417083740E+02    0.607850015163421652E-14   -0.489197551439718518E+04   -0.663146350544149499E+01    1
    0.133036136627197266E+00   -0.807199597358703613E+00    0.872290313243865967E+02    0.387758135795593275E-14   -0.487957163154272348E+04   -0.663396350544150870E+01    1
    0.355381786823272705E+00    0.321734905242919922E+00    0.852584004402160645E+02    0.842706620693206766E-14   -0.486365458931945341E+04   -0.663646350544150021E+01    1
    0.421061515808105469E+00   -0.386982560157775879E+00    0.858535259962081909E+02    0.409836232662200942E-14   -0.485752546739833815E+04   -0.663896350544151659E+01    1
    0.550656795501708984E+00    0.833785891532897949E+00    0.837474733591079712E+02    0.608834028244018540E-15   -0.485256314689935971E+04   -0.664146350544151787E+01    1
    0.567934811115264893E+00   -0.833818674087524414E+00    0.851047784090042114E+02    0.230573356151580791E-14   -0.483374158306890604E+04   -0.664396350544149605E+01    1
    0.514628231525421143E+00   -0.268324732780456543E+00    0.573637902736663818E+02    0.463708758354186972E-14   -0.482612895126972489E+04   -0.664646350544150177E+01    1
    0.724324405193328857E+00   -0.794451713562011719E+00    0.833465218544006348E+02    0.695594370365142819E-14   -0.482144247795147203E+04   -0.664896350544150394E+01    1
    0.402898728847503662E+00    0.605195164680480957E+00    0.846143990755081177E+02    0.719265520572662420E-14   -0.482054198776810244E+04   -0.665146350544150700E+01    1
    0.997012317180633545E+00    0.575979709625244141E+00    0.599199831485748291E+02    0.208339810371398933E-14   -0.481962509564456923E+04   -0.665396350544153758E+01    1
    0.638350486755371094E+00    0.547051787376403809E+00    0.573342800140380859E+02    0.372557997703552234E-14   -0.476488055583125242E+04   -0.665646350544154952E+01    1
    0.120446085929870605E-01    0.122178316116333008E+00    0.584123402833938599E+02    0.934886932373046842E-16   -0.472685290737151081E+04   -0.665896350544153570E+01    1
    0.434004843235015869E+00    0.629662632942199707E+00    0.568789958953857422E+02    0.333866775035858135E-14   -0.469751426569261548E+04   -0.666146350544152188E+01    1
    0.634192824363708496E-01   -0.632852554321289062E+00    0.599282771348953247E+02    0.104956150054931635E-14   -0.465303789060304007E+04   -0.666396350544151161E+01    1
    0.961784958839416504E+00   -0.689609050750732422E+00    0.791093230247497559E+02    0.991836667060852029E-14   -0.461411522485519163E+04   -0.666646350544151556E+01    1
    0.197774171829223633E-02   -0.592141151428222656E+00    0.856921076774597168E+02    0.703006565570831294E-14   -0.460269886411118750E+04   -0.666896350544149996E+01    1
    0.159041345119476318E+00    0.549861431121826172E+00    0.845334351062774658E+02    0.202764987945556621E-14   -0.459727718053093577E+04   -0.667146350544150746E+01    1
    0.259909331798553467E+00    0.945106148719787598E+00    0.567984431982040405E+02    0.421964287757873536E-14   -0.452032929230510399E+04   -0.667396350544151140E+01    1
    0.421876370906829834E+00   -0.651707172393798828E+00    0.855049401521682739E+02    0.171508014202117921E-14   -0.451874926307501300E+04   -0.667646350544149936E+01    1
    0.732863763376116140E+00    0.564721567823685211E+00    0.818776232390731167E+02    0.194502007357362607E-14   -0.449178078389606617E+04   -0.667896350544150152E+01    1
    0.852459132671356201E+00    0.548964142799377441E+00    0.589979171752929688E+02    0.493440508842468238E-14   -0.448638723303449206E+04   -0.668146350544149747E+01    1
    0.156153559684753418E+00    0.590792894363403320E+00    0.573548823595046997E+02    0.915082097053527889E-15   -0.448039194354284700E+04   -0.668396350544151296E+01    1
    0.524477064609527588E+00   -0.595332145690917969E+00    0.579936593770980835E+02    0.129739820957183832E-14   -0.447824340483635024E+04   -0.668646350544152668E+01    1
    0.618098556995391846E+00   -0.992282986640930176E+00    0.582854390144348145E+02    0.612634539604186978E-14   -0.447200964107232357E+04   -0.668896350544152263E+01    1
    0.312964200973510742E+00    0.137194514274597168E+00    0.575702399015426636E+02    0.397573232650756840E-14   -0.447048135604907930E+04   -0.669146350544153190E+01    1
    0.641020357608795166E+00   -0.186321616172790527E+00    0.832134485244750977E+02    0.782309770584106464E-14   -0.445139253469648884E+04   -0.669396350544152785E+01    1
    0.116233468055725098E+00    0.144222617149353027E+00    0.581786960363388062E+02    0.478628039360046380E-14   -0.443472188246614041E+04   -0.669646350544153623E+01    1
    0.966888606548309326E+00   -0.664266467094421387E+00    0.603511810302734375E+02    0.371022522449493379E-14   -0.441052419969586481E+04   -0.669896350544153307E+01    1
    0.318755567073822021E+00   -0.972760915756225586E-01    0.851015210151672363E+02    0.526837348937988297E-14   -0.438802006426418302E+04   -0.670146350544152813E+01    1
    0.583160400390625000E+00   -0.559671521186828613E+00    0.839118063449859619E+02    0.352754473686218275E-14   -0.438631350995073808E+04   -0.670396350544153474E+01    1
    0.560530960559844971E+00   -0.280001521110534668E+00    0.838630110025405884E+02    0.694709241390228290E-14   -0.437064956408208309E+04   -0.670646350544153957E+01    1
    0.305312514305114746E+00    0.567192554473876953E+00    0.573304206132888794E+02    0.483540117740631076E-14   -0.434424453972596348E+04   -0.670896350544154174E+01    1
    0.883655726909637451E+00   -0.672055959701538086E+00    0.798255026340484619E+02    0.724501073360443133E-14   -0.429559709928031407E+04   -0.671146350544151993E+01    1
    0.195143222808837891E+00    0.893800497055053711E+00    0.571911811828613281E+02    0.457089662551879911E-14   -0.429553112835386310E+04   -0.671396350544151943E+01    1
    0.664721488952636719E+00    0.489556550979614258E+00    0.821930587291717529E+02    0.403626084327697759E-14   -0.429500948958656772E+04   -0.671646350544153314E+01    1
    0.951333880424499512E+00    0.666019439697265625E+00    0.603947281837463379E+02    0.569743514060974119E-15   -0.426793134788903262E+04   -0.671896350544153709E+01    1
    0.696179270744323730E-01    0.630269527435302734E+00    0.834900468587875366E+02    0.382743954658508327E-14   -0.426455869901659116E+04   -0.672146350544153126E+01    1
    0.215052843093872070E+00    0.658096432685852051E+00    0.574939131736755371E+02    0.207659840583801261E-14   -0.422167509256097765E+04   -0.672396350544153432E+01    1
    0.531343042850494385E+00   -0.286756515502929688E+00    0.582011878490447998E+02    0.273253440856933591E-14   -0.419732910172937500E+04   -0.672646350544153382E+01    1
    0.881072878837585449E+00    0.654435753822326660E+00    0.792472988367080688E+02    0.472539961338043217E-14   -0.416104011553425880E+04   -0.672896350544152355E+01    1
    0.486234426498413086E+00   -0.921361684799194336E+00    0.586245685815811157E+02    0.167243719100952140E-14   -0.414828804317845788E+04   -0.673146350544152305E+01    1
    0.288330909648597034E+00   -0.135796392685293532E+00    0.583302752881392479E+02    0.281175213273084160E-14   -0.413457727487814645E+04   -0.673396350544152700E+01    1
    0.881485462188720703E+00   -0.510300636291503906E+00    0.794412821531295776E+02    0.250672876834869387E-14   -0.413031242495799688E+04   -0.673646350544152295E+01    1
    0.946715295314788818E+00   -0.298868775367736816E+00    0.781382560729980469E+02    0.590348064899444543E-14   -0.411762980774489188E+04   -0.673896350544150913E+01    1
    0.646873153180084981E+00   -0.531230771790852430E+00    0.587098684343889943E+02    0.457666918135990038E-14   -0.408711930466885906E+04   -0.674146350544151751E+01    1
    0.404836535453796387E-01    0.860681533813476562E+00    0.578963190317153931E+02    0.430848002433776857E-15   -0.408322256119376289E+04   -0.674396350544153478E+01    1
    0.348179221153259277E+00    0.639367341995239258E+00    0.832792997360229492E+02    0.922941803932189946E-14   -0.405054486233842908E+04   -0.674646350544154760E+01    1
    0.879619717597961426E+00   -0.257329940795898438E-01    0.791510552167892456E+02    0.656311094760894770E-14   -0.404036653919636774E+04   -0.674896350544153822E+01    1
    0.224524855613708496E+00    0.111395597457885742E+00    0.843005388975143433E+02    0.655441403388977058E-14   -0.402635579912299772E+04   -0.675146350544153151E+01    1
    0.279490164296422816E+00    0.909652578191032957E+00    0.827814484967036606E+02    0.560647734315702452E-14   -0.402108555827745886E+04   -0.675396350544154078E+01    1
    0.512745261192321777E+00   -0.210961580276489258E+00    0.833513021469116211E+02    0.486639320850372334E-14   -0.394648083940436118E+04   -0.675646350544154206E+01    1
    0.233931789792953565E+00    0.624411514332755546E+00    0.831498078220955676E+02    0.287979731929156156E-14   -0.391451643115238494E+04   -0.675896350544154600E+01    1
    0.629982888698577881E+00   -0.667610168457031250E+00    0.825623273849487305E+02    0.907515883445739657E-15   -0.391254445830732993E+04   -0.676146350544154284E+01    1
    0.180277228355407715E-01    0.385663151741027832E+00    0.831737518310546875E+02    0.938208878040313750E-14   -0.389807101386073464E+04   -0.676396350544152813E+01    1
    0.726904869079589844E+00   -0.139175176620483398E+00    0.592551261186599731E+02    0.494118154048919639E-14   -0.386827683823317238E+04   -0.676646350544152320E+01    1
    0.420937119765744105E-01   -0.681875296530506381E+00    0.845884696060887791E+02    0.742982258426187629E-14   -0.386793186165220504E+04   -0.676896350544152448E+01    1
    0.335098803043365479E+00   -0.755266427993774414E+00    0.848312079906463623E+02    0.631594419479370091E-14   -0.386688978426342464E+04   -0.677146350544153020E+01    1
    0.524439811706542969E+00   -0.537154436111450195E+00    0.833644151687622070E+02    0.848365843296050955E-14   -0.385464098422357847E+04   -0.677396350544153325E+01    1
    0.431754052639007568E+00   -0.815227627754211426E+00    0.842918694019317627E+02    0.579375147819519004E-14   -0.384103442798320384E+04   -0.677646350544152742E+01    1
    0.422816395759582520E+00    0.614738106727600098E+00    0.579896837472915649E+02    0.330448448657989511E-14   -0.384102703608058891E+04   -0.677896350544152249E+01    1
    0.432108044624328613E-01    0.737188220024108887E+00    0.822152853012084961E+02    0.401434242725372278E-14   -0.382768555288191601E+04   -0.678146350544152821E+01    1
    0.191719532012939453E-01   -0.217224240303039551E+00    0.605266362428665161E+02    0.352649748325347899E-14   -0.382608708994848575E+04   -0.678396350544152327E+01    1
    0.584756437632873993E+00   -0.802132856906720981E+00    0.829442224258914109E+02    0.350305011137630312E-14   -0.382270657832150937E+04   -0.678646350544153254E+01    1
    0.986512243747711182E+00    0.947393178939819336E-01    0.763734012842178345E+02    0.871819555759429881E-14   -0.381186832507948020E+04   -0.678896350544155069E+01    1
    0.888635218143463135E+00   -0.998423933982849121E+00    0.785884261131286621E+02    0.679199278354644770E-14   -0.380340502225852015E+04   -0.679146350544154576E+01    1
    0.656950890597795545E+00    0.767524000123132488E+00    0.587029888578278261E+02    0.280521688169210154E-14   -0.379600924013986196E+04   -0.679396350544153282E+01    1
    0.473903185540602123E+00    0.735823253758283169E+00    0.821816363709953634E+02    0.739794908595373560E-14   -0.377121834894394578E+04   -0.679646350544152344E+01    1
    0.923670709133148193E+00    0.403048157691955566E+00    0.775752604007720947E+02    0.779493093490600610E-14   -0.377033433111133309E+04   -0.679896350544153183E+01    1
    0.877418637275695801E+00   -0.386111140251159668E+00    0.785223513841629028E+02    0.948179066181182937E-14   -0.374088331494598515E+04   -0.680146350544152245E+01    1
    0.328855872154235840E+00    0.705871105194091797E+00    0.824959725141525269E+02    0.575133204460144059E-14   -0.368971732347538227E+04   -0.680396350544151129E+01    1
    0.761045157909393311E+00   -0.252856612205505371E+00    0.598066240549087524E+02    0.394766151905059846E-14   -0.367786345317882933E+04   -0.680646350544152234E+01    1
    0.273562014102935791E+00    0.325024724006652832E+00    0.584956914186477661E+02    0.760020196437835667E-14   -0.367250447227903305E+04   -0.680896350544153428E+01    1
    0.185418307781219482E+00   -0.602636098861694336E+00    0.845207899808883667E+02    0.744919955730438154E-14   -0.362328096712649403E+04   -0.681146350544153911E+01    1
    0.157344162464141846E+00   -0.396986126899719238E+00    0.599973499774932861E+02    0.417198300361633309E-14   -0.362010016246606301E+04   -0.681396350544153862E+01    1
    0.567200005054473877E+00    0.164052367210388184E+00    0.819005101919174194E+02    0.940436244010925249E-14   -0.361178469590536770E+04   -0.681646350544152657E+01    1
    0.573397934436798096E+00    0.178242921829223633E-01    0.819643646478652954E+02    0.152210652828216548E-14   -0.360536738355738362E+04   -0.681896350544151630E+01    1
    0.745977103710174561E+00   -0.336738824844360352E+00    0.598803341388702393E+02    0.484913229942321759E-14   -0.359138897278929744E+04   -0.682146350544151847E+01    1
    0.367032766342163086E+00    0.650349259376525879E+00    0.822759330272674561E+02    0.154397487640380868E-15   -0.357103225595663707E+04   -0.682396350544152064E+01    1
    0.918228030204772949E+00    0.336078405380249023E+00    0.771160900592803955E+02    0.182516574859619151E-15   -0.356479618367953026E+04   -0.682646350544153968E+01    1
    0.813785433769226074E+00   -0.737775206565856934E+00    0.792966663837432861E+02    0.461346447467803965E-14   -0.356377060949364841E+04   -0.682896350544155251E+01    1
    0.812324410706900868E+00    0.158885616726158307E+00    0.603528954889612095E+02    0.782116355883911586E-14   -0.354664777033423798E+04   -0.683146350544154934E+01    1
    0.665134370326995850E+00    0.336574912071228027E+00    0.593142598867416382E+02    0.936989903450012137E-14   -0.353402029699267723E+04   -0.683396350544154174E+01    1
    0.486726284027099609E+00    0.349767327308654785E+00    0.820965379476547241E+02    0.588197827339172373E-14   -0.352768114510889700E+04   -0.683646350544153680E+01    1
    0.663823405147744183E+00   -0.718279352910415003E+00    0.597062222383355561E+02    0.150501532963288662E-14   -0.352101995621016840E+04   -0.683896350544154874E+01    1
    0.591632187366485596E+00   -0.181220769882202148E-01    0.592355489730834961E+02    0.211366832256317138E-14   -0.348130838500990330E+04   -0.684146350544154913E+01    1
    0.372894465923309326E+00    0.169338107109069824E+00    0.588242411613464355E+02    0.480071902275085483E-15   -0.347803515823434100E+04   -0.684396350544154775E+01    1
    0.863382637500762939E+00    0.273814558982849121E+00    0.778807222843170166E+02    0.593245387077331530E-14   -0.346403740950220799E+04   -0.684646350544155524E+01    1
    0.566239005881502000E+00    0.429740871831491233E+00    0.813118339102931600E+02    0.973271558919769860E-14   -0.344851602305264350E+04   -0.684896350544155474E+01    1
    0.950719714164733887E-01   -0.283896923065185547E+00    0.605744183063507080E+02    0.904455542564392154E-14   -0.342096319861959091E+04   -0.685146350544153826E+01    1
    0.416994664561226192E+00    0.765293863554835863E+00    0.816439784386587064E+02    0.637964642330833284E-14   -0.341986876430666598E+04   -0.685396350544151556E+01    1
    0.150101721286773682E+00   -0.257200717926025391E+00    0.836380690336227417E+02    0.136470139026641846E-14   -0.341944589019724344E+04   -0.685646350544151773E+01    1
    0.656453967094421387E+00    0.374887347221374512E+00    0.805032581090927124E+02    0.236960768699646011E-14   -0.341904256056116537E+04   -0.685896350544152789E+01    1
    0.974965274333953857E+00    0.975972294807434082E+00    0.753019988536834717E+02    0.617542564868926998E-14   -0.341138374534451123E+04   -0.686146350544154071E+01    1
    0.871219635009765625E+00   -0.565618038177490234E+00    0.613393127918243408E+02    0.482558310031890890E-14   -0.340051454008918336E+04   -0.686396350544154465E+01    1
    0.763050436973571777E+00   -0.676465153694152832E+00    0.604568034410476685E+02    0.513591170310974092E-14   -0.337752629518518643E+04   -0.686646350544152817E+01    1
    0.662929296493530273E+00    0.189873576164245605E+00    0.804750382900238037E+02    0.177901446819305422E-14   -0.337677335891556004E+04   -0.686896350544151790E+01    1
    0.437532882271747803E+00   -0.106866085119056486E+00    0.825532383961365497E+02    0.916640911142060433E-14   -0.336205289419033716E+04   -0.687146350544153250E+01    1
    0.525568544864654541E+00    0.810541749000549316E+00    0.588038176298141479E+02    0.319802403450012203E-14   -0.335752301441463169E+04   -0.687396350544153822E+01    1
    0.414314866065979004E+00    0.142476081848144531E+00    0.823727160692214966E+02    0.391040980815887478E-14   -0.335504408964009963E+04   -0.687646350544153773E+01    1
    0.865269482135772705E+00    0.932333111763000488E+00    0.612134158611297607E+02    0.709858536720275907E-15   -0.334596381372105589E+04   -0.687896350544152835E+01    1
    0.334538459777832031E+00   -0.959605813026428223E+00    0.839656293392181396E+02    0.887644171714782687E-14   -0.334062599037701239E+04   -0.688146350544150920E+01    1
    0.118484735488891602E+00    0.196570634841918945E+00    0.596438407897949219E+02    0.334601402282714829E-14   -0.332888973492509967E+04   -0.688396350544151847E+01    1
    0.894226789474487305E+00   -0.490352988243103027E+00    0.617685973644256592E+02    0.234984040260314935E-14   -0.332857649861269283E+04   -0.688646350544154107E+01    1
    0.651119291782379150E+00   -0.128070116043090820E-01    0.597314387559890747E+02    0.285347521305084229E-14   -0.331783232594359242E+04   -0.688896350544153702E+01    1
    0.775333404541015625E+00    0.388651490211486816E+00    0.604533582925796509E+02    0.812982499599456736E-14   -0.330143917926285758E+04   -0.689146350544151343E+01    1
    0.882696252063965403E+00   -0.287066004171190992E+00    0.616786778476101460E+02    0.895894369364053127E-14   -0.329625977951988716E+04   -0.689396350544150760E+01    1
    0.958922786436937513E+00   -0.875028020178701960E-01    0.752597261556533113E+02    0.503172117475884683E-15   -0.325986840898603532E+04   -0.689646350544151510E+01    1
    0.957448303699493408E+00   -0.311610102653503418E+00    0.752153754234313965E+02    0.607320785522460953E-14   -0.323123282583574655E+04   -0.689896350544152792E+01    1
    0.901061380609528229E+00    0.222593648427922730E+00    0.620481205359523926E+02    0.162840443165197688E-14   -0.322607236189467767E+04   -0.690146350544152209E+01    1
    0.558566331863403320E+00   -0.376309752464294434E+00    0.597615838050842285E+02    0.442202448844909630E-14   -0.320471250847817191E+04   -0.690396350544152249E+01    1
    0.564338884672647256E+00    0.419700573735956262E+00    0.807946821206703731E+02    0.661500488402482624E-14   -0.320026561129067022E+04   -0.690646350544153442E+01    1
    0.572185218334197998E+00   -0.818762302398681641E+00    0.600366622209548950E+02    0.134441256523132322E-14   -0.318855225401466305E+04   -0.690896350544152682E+01    1
    0.742730081081390381E+00   -0.628824591636657715E+00    0.794223695993423462E+02    0.986193478107452363E-14   -0.317234503430931682E+04   -0.691146350544153076E+01    1
    0.573432326316833496E+00   -0.811257719993591309E+00    0.816623419523239136E+02    0.168076157569885250E-15   -0.317034826566745778E+04   -0.691396350544153826E+01    1
    0.955252230167388916E+00    0.703493475914001465E+00    0.631181120872497559E+02    0.330173373222351079E-14   -0.316721526630854760E+04   -0.691646350544152089E+01    1
    0.565252420760025132E+00   -0.342005813913995205E+00    0.598642652147176051E+02    0.229699192625094400E-14   -0.314097254530233749E+04   -0.691896350544152217E+01    1
    0.711920060667663113E+00   -0.161950227887100673E+00    0.604393763177018641E+02    0.734644017263645231E-14   -0.313378385148990446E+04   -0.692146350544153677E+01    1
    0.803248763084411621E+00   -0.817436575889587402E+00    0.783754408359527588E+02    0.189766883850097667E-15   -0.312609137051083690E+04   -0.692396350544152206E+01    1
    0.721781849861145020E-01    0.917268037796020508E+00    0.803381532430648804E+02    0.549868404865264895E-14   -0.312304574937460893E+04   -0.692646350544152334E+01    1
    0.806223187328156787E+00    0.313379804227239545E+00    0.611527093743729893E+02    0.764390016655134407E-14   -0.310686627913992015E+04   -0.692896350544152639E+01    1
    0.907047927379608154E+00   -0.546495199203491211E+00    0.625425755977630615E+02    0.364554464817047105E-14   -0.309438339777732926E+04   -0.693146350544152234E+01    1
    0.813836216926574707E+00    0.175039887428283691E+00    0.777297824621200562E+02    0.380248665809631356E-14   -0.308478223718704794E+04   -0.693396350544152806E+01    1
    0.831291471068121179E+00    0.532833121276660382E+00    0.772661651667619083E+02    0.894314280956691368E-14   -0.307380651788674095E+04   -0.693646350544154089E+01    1
    0.130789989246434007E+00   -0.858609355715432843E-01    0.604882096522145716E+02    0.880078445297184747E-14   -0.306579195662805660E+04   -0.693896350544153240E+01    1
    0.514988839626312256E+00    0.139364361763000488E+00    0.596117109060287476E+02    0.259633779525756851E-14   -0.306359790740229118E+04   -0.694146350544151414E+01    1
    0.502361398302097140E+00   -0.225087119166212046E+00    0.815837605708256177E+02    0.965436456455537682E-14   -0.306067566927845337E+04   -0.694396350544153496E+01    1
    0.393584966659545898E+00    0.929826021194458008E+00    0.806576937437057495E+02    0.882516622543335016E-14   -0.304882388580571205E+04   -0.694646350544154600E+01    1
    0.850343704223632812E+00    0.497815370559692383E+00    0.618237495422363281E+02    0.281682372093200682E-14   -0.302253267621607756E+04   -0.694896350544153751E+01    1
    0.288411021232604980E+00    0.924892544746398926E+00    0.807203799486160278E+02    0.679866671562194848E-14   -0.302203453661070898E+04   -0.695146350544152813E+01    1
    0.947948742711519632E+00   -0.137070929836357269E+00    0.746268439075789729E+02    0.992227415108514942E-15   -0.300697208286610248E+04   -0.695396350544152142E+01    1
    0.346732192728296751E+00    0.168505535265774720E+00    0.818534560987189934E+02    0.682928427139844728E-14   -0.299755386394827292E+04   -0.695646350544152892E+01    1
    0.555307567119598389E+00   -0.762560844421386719E+00    0.814110785722732544E+02    0.617951393127441444E-14   -0.299369335910286463E+04   -0.695896350544152753E+01    1
    0.642643630504608154E+00    0.639937996864318848E+00    0.793938934803009033E+02    0.884161114692688062E-14   -0.297411456044791521E+04   -0.696146350544153414E+01    1
    0.513748803985481173E+00    0.864440179726751357E+00    0.801124694320254918E+02    0.279262335960243086E-14   -0.296861097766009107E+04   -0.696396350544154430E+01    1
    0.415265560150146484E-02    0.588021039962768555E+00    0.805518835783004761E+02    0.921751916408538845E-14   -0.296560079312312882E+04   -0.696646350544154380E+01    1
    0.378893613815307617E-01   -0.514202237129211426E+00    0.823347836732864380E+02    0.983865559101104794E-14   -0.296160083895834168E+04   -0.696896350544153265E+01    1
    0.342208689563572532E+00    0.569367800999175833E+00    0.593122777641834276E+02    0.912611337161813563E-14   -0.293841364080145877E+04   -0.697146350544151527E+01    1
    0.180488705635070801E+00    0.161492228507995605E+00    0.600818365812301636E+02    0.680212855339050309E-14   -0.291836634570820843E+04   -0.697396350544152011E+01    1
    0.623929977416992188E+00    0.182691812515258789E-01    0.799292981624603271E+02    0.516875803470611574E-14   -0.291157315539623414E+04   -0.697646350544153115E+01    1
    0.705329003398750820E+00   -0.970811952715204374E+00    0.793813327394872346E+02    0.506142609028973106E-14   -0.287196890988041923E+04   -0.697896350544153865E+01    1
    0.234625995159149170E+00    0.636444687843322754E+00    0.594438910484313965E+02    0.668803632259368904E-14   -0.286806062914543872E+04   -0.698146350544153194E+01    1
    0.955032765865325928E+00   -0.527416229248046875E+00    0.737845718860626221E+02    0.322376072406768791E-14   -0.285033227028710508E+04   -0.698396350544151723E+01    1
    0.757982524780290712E+00   -0.507719205341000346E+00    0.782646099414440641E+02    0.258493388471346449E-14   -0.284101576983617360E+04   -0.698646350544151318E+01    1
    0.615871727466583252E+00    0.622472882270812988E+00    0.793384552001953125E+02    0.405519604682922332E-14   -0.284094849011836459E+04   -0.698896350544151179E+01    1
