3.317419329573684195e+01
3.357318958343987703e+01
3.391100501945839341e+01
3.420403770512861286e+01
3.458179928647327017e+01
3.500276553569883475e+01
3.527354235583715081e+01
3.566302451076170144e+01
3.605620500948734986e+01
3.639144544047846352e+01
3.677371670793323943e+01
3.713970285046939068e+01
3.748878506936004840e+01
3.784932858763218633e+01
3.823494338304269036e+01
3.860871380062339853e+01
3.898624000021861491e+01
3.937493075542384702e+01
3.976410141429505529e+01
4.014719680504897781e+01
4.054931089801609545e+01
4.094868161555340436e+01
4.135417631660799742e+01
4.176927920617222867e+01
4.218348594101055937e+01
4.260823366455129957e+01
4.303196177958243140e+01
4.346388290199703874e+01
4.389809239406140051e+01
4.433202920434958116e+01
4.476892843491354057e+01
