3.317409912614333223e+01
3.357309499517103291e+01
3.391090998870003403e+01
3.406226341625783505e+01
3.420394220916844574e+01
3.458170305249144150e+01
3.500266824816620215e+01
3.518676348905253093e+01
3.527344423051469846e+01
3.566292490840799445e+01
3.593245052955310825e+01
3.605610352005762564e+01
3.639134196245181840e+01
3.649301428889577181e+01
3.677361046134016931e+01
3.694340503644151852e+01
3.713959338943363520e+01
3.732060050238192872e+01
3.748867199422699770e+01
3.764558813374707569e+01
3.784921123528704356e+01
3.793143412184468843e+01
3.818682829519448774e+01
3.823482097059319074e+01
3.860858631006755814e+01
3.898610779783942348e+01
3.937479519746659662e+01
3.976396571908085775e+01
4.014706656455928169e+01
4.054919596915082991e+01
4.094859636909954759e+01
4.135414185160865941e+01
4.176932498010797445e+01
4.218364667044425431e+01
4.260855323772845082e+01
4.303248215584609682e+01
4.346464676471808275e+01
4.389912873098219848e+01
4.433334723567337221e+01
4.477051688657284956e+01
