1.000000000000000021e-02 3.317409912614333223e+01
1.200000000000000025e-02 3.357309499517103291e+01
1.400000000000000029e-02 3.391090998870003403e+01
1.600000000000000033e-02 3.420394220916844574e+01
1.899999999999999953e-02 3.458170305249144150e+01
2.299999999999999961e-02 3.500266824816620215e+01
2.599999999999999881e-02 3.527344423051469846e+01
3.099999999999999978e-02 3.566292490840799445e+01
3.699999999999999817e-02 3.605610352005762564e+01
4.299999999999999656e-02 3.639134196245181840e+01
5.099999999999999672e-02 3.677361046134016931e+01
5.999999999999999778e-02 3.713959338943363520e+01
7.000000000000000666e-02 3.748867199422699770e+01
8.200000000000000344e-02 3.784921123528704356e+01
9.700000000000000289e-02 3.823482097059319074e+01
1.140000000000000041e-01 3.860858631006755814e+01
1.340000000000000080e-01 3.898610779783942348e+01
1.580000000000000016e-01 3.937479519746659662e+01
1.859999999999999987e-01 3.976396571908085775e+01
2.179999999999999993e-01 4.014706656455928169e+01
2.570000000000000062e-01 4.054919596915082991e+01
3.019999999999999907e-01 4.094859636909954759e+01
3.549999999999999822e-01 4.135414185160865941e+01
4.179999999999999827e-01 4.176932498010797445e+01
4.909999999999999920e-01 4.218364667044425431e+01
5.779999999999999583e-01 4.260855323772845082e+01
6.790000000000000480e-01 4.303248215584609682e+01
7.990000000000000435e-01 4.346464676471808275e+01
9.399999999999999467e-01 4.389912873098219848e+01
1.104999999999999982e+00 4.433334723567337221e+01
1.300000000000000044e+00 4.477051688657284956e+01
