1.000000000000000021e-02 3.317419329573684195e+01
1.200000000000000025e-02 3.357318958343987703e+01
1.400000000000000029e-02 3.391100501945839341e+01
1.600000000000000033e-02 3.420403770512861286e+01
1.899999999999999953e-02 3.458179928647327017e+01
2.299999999999999961e-02 3.500276553569883475e+01
2.599999999999999881e-02 3.527354235583715081e+01
3.099999999999999978e-02 3.566302451076170144e+01
3.699999999999999817e-02 3.605620500948734986e+01
4.299999999999999656e-02 3.639144544047846352e+01
5.099999999999999672e-02 3.677371670793323943e+01
5.999999999999999778e-02 3.713970285046939068e+01
7.000000000000000666e-02 3.748878506936004840e+01
8.200000000000000344e-02 3.784932858763218633e+01
9.700000000000000289e-02 3.823494338304269036e+01
1.140000000000000041e-01 3.860871380062339853e+01
1.340000000000000080e-01 3.898624000021861491e+01
1.580000000000000016e-01 3.937493075542384702e+01
1.859999999999999987e-01 3.976410141429505529e+01
2.179999999999999993e-01 4.014719680504897781e+01
2.570000000000000062e-01 4.054931089801609545e+01
3.019999999999999907e-01 4.094868161555340436e+01
3.549999999999999822e-01 4.135417631660799742e+01
4.179999999999999827e-01 4.176927920617222867e+01
4.909999999999999920e-01 4.218348594101055937e+01
5.779999999999999583e-01 4.260823366455129957e+01
6.790000000000000480e-01 4.303196177958243140e+01
7.990000000000000435e-01 4.346388290199703874e+01
9.399999999999999467e-01 4.389809239406140051e+01
1.104999999999999982e+00 4.433202920434958116e+01
1.300000000000000044e+00 4.476892843491354057e+01
